n = 4
[4,3,2,1] [] []
[4,3] [1] [2]
[4]  [3] [2,1]
[4,1] [3,2] []
[] [3,2,1] [4]
[2] [3] [4,1]
[2,1] [] [4,3]
[] [1] [4,3,2]
[] [] [4,3,2,1] x15

n = 3, 2^3-1 = 7

[3,2,1] [] [] - base
[3] [2] [1] x2
[] [2,1] [3] x2
[1] [] [3,2] x2
[] [] [3,2,1] x1

n = 5
[5,4,3,2,1] [] []
[5,4,3] [2] [1]
[5,4] [2,1] [3]
[5,4,1] [] [3,2]
[5] [4] [3,2,1]
[5,2] [4,1] [3]
[5,2,1] [4,3] []
[5] [4,3,2] [1]
[] [4,3,2,1] [5]
[2] [4,3] [5,1]
[2,1] [4] [5,3]
[] [4,2] [5,3,1]
[3] [4,2,1] [5]
[3,2] [4] [5,1]
[3,2,1] [] [5,4]
[3] [2] [5,4,1]
[] [2,1] [5,4,3]
[1] [] [5,4,3,2]
[] [] [5,4,3,2,1]




